0000000000011011000011111000000000010000000001111111110000000000000010100111010100100101100010100010000000000000000000000000000000101000100000000011100010000000
0000010000000000000000000000000000001101110000100000000001000000000000000000000000000110110000111110000000000100000000011111111100000000000000101001110101001001
0110001010001000000000000000000000000000000010100010000000001110001000000000000100000000000000000000000000000011011100001000000000010000000000000000000000000001
1011010011111010000000010000000001111111110000000000000010100111010100100101100010100010000000000000000000000000000000101000100000000011100010000000000001000000
0000000000000000000000001101110000100000000001000000000000000000000000000110110100111110000000000100000000011111111100000000000000101001110101001001011000101000
1000000000000000000000000000000010100010000000001110001000000000000100000000000000000000000000000011011100001000000000010000000000000000000000000001101101001111
1010000000010000000001111111110000000000000010100111010100100101100010100010000000000000000000000000000000101000100000000011100010000000000001000000000000000000
0000000000001101110000100000000001000000000000000000000000000110110100111110100000000100000000011111111100000000000000101001110101001001011000101000100000000000
0000000000000000000010100010000000001110001000000000000100000000000000000000000000000011011100001000000000010000000000000000000000000001101101001111100000000001
0000000001111111110000000000000010100111010100100101100010100010000000000000000000000000000000101000100000000011100010000000000001000000000000000000000000000000
1101110000100000000001000000000000000000000000000110110100111110000000000100000000011111111100000000000000101001110101001001011000101000100000000000000000000000
0000000010100010000000001110001000000000000100000000000000000000000000000011011100001000000000010000000000000000000000000001101101001111100000000001000000000111
1111110000000000000010100111010100100101100010100010000000000000000000000000000000101000100000000011100010000000000001000000000000000000000000000000110111000010
0000000001000000000000000000000000000110110100111110000000000100000000011111111100000000000000101001110101001001011000101000100000000000000000000000000000001010
0010000000001110001000000000000100000000000000000000000000000011011100001000000000010000000000000000000000000001101101001111100000000001000000000111111111000000
0000000010100111010100100101100010100010000000000000000000000000000000101000100000000011100010000000000001000000000000000000000000000000110111000010000000000100
0000000000000000000000000110110100111110000000000100000000011111111100000000000000101001110101001001011000101000100000000000000000000000000000001010001000000000
1110001000000000000100000000000000000000000000000011011100001000000000010000000000000000000000000001101101001111101000000001000000000111111111000000000000001010
0111010100100101100010100010000000000000000000000000000000101000100000000011100010000000000001000000000000000000000000000000110111000010000000000100000000000000
0000000000000110110100111110100000000100000000011111111100000000000000101001110101001001011000101000100000000000000000000000000000001010001000000000111000100000
0000000100000000000000000000000000000011011100001000000000010000000000000000000000000001101101001111010000000001000000000111111111000000000000001010011101010010
0101100010100010000000000000000000000000000000101000100000000011100010000000000001000000000000000000000000111111100111100110000000000100000000000000000000000000
0110110100000000000000000100000000011111111100000000000000101001110101001001011000101000100000000000000000000000000000001010001000000000111000100000000000010000
0000000000000000000011111110011110011000000000010000000000000000000000000001101110000000000000000001000000000111111111000000010000001010011101010010010110001010
0010000000000000000000000000000000101000100000000011100010000000000001000000000000000000000000111111100111100110000000000100000000000000000000000000011011100000
00000000000001000000000111111111000000010000001010011101010010010110001010001000000000000000000000000000001
