000000000001101100001111100000000001000000000 # JUST SOME PARTIAL DATA - SKIP IT
1 11111111 0 00000000 0 00001010 0 11101010 0 10010110 0 01010001 0 00000000 0 00000000 0 00000000 0 00010100 0 10000000 0 01110001 0 00000000 0 00100000 0 00000000 0 00000000 0 00000011 0 11100001 0 00000000 0 10000000 0 00000000 0 00000000 0 01101100 0 01111100 0 00000001 0 00000000
1 11111111 0 00000000 0 00001010 0 11101010 0 10010110 0 01010001 0 00000000 0 00000000 0 00000000 0 00010100 0 10000000 0 01110001 0 00000000 0 00100000 0 00000000 0 00000000 0 00000011 0 11100001 0 00000000 0 10000000 0 00000000 0 00000000 0 01101101 0 01111101 0 00000001 0 00000000
1 11111111 0 00000000 0 00001010 0 11101010 0 10010110 0 01010001 0 00000000 0 00000000 0 00000000 0 00010100 0 10000000 0 01110001 0 00000000 0 00100000 0 00000000 0 00000000 0 00000011 0 11100001 0 00000000 0 10000000 0 00000000 0 00000000 0 01101101 0 01111100 0 00000001 0 00000000
1 11111111 0 00000000 0 00001010 0 11101010 0 10010110 0 01010001 0 00000000 0 00000000 0 00000000 0 00010100 0 10000000 0 01110001 0 00000000 0 00100000 0 00000000 0 00000000 0 00000011 0 11100001 0 00000000 0 10000000 0 00000000 0 00000000 0 01101101 0 01111101 0 00000001 0 00000000
1 11111111 0 00000000 0 00001010 0 11101010 0 10010110 0 01010001 0 00000000 0 00000000 0 00000000 0 00010100 0 10000000 0 01110001 0 00000000 0 00100000 0 00000000 0 00000000 0 00000011 0 11100001 0 00000000 0 10000000 0 00000000 0 00000000 0 01101101 0 01111101 0 00000001 0 00000000
1 11111111 0 00000000 0 00001010 0 11101010 0 10010110 0 01010001 0 00000000 0 00000000 0 00000000 0 00010100 0 10000000 0 01110001 0 00000000 0 00100000 0 00000000 0 00000000 0 00000011 0 11100001 0 00000000 0 10000000 0 00000000 0 00000000 0 01101101 0 01111100 0 00000001 0 00000000
1 11111111 0 00000000 0 00001010 0 11101010 0 10010110 0 01010001 0 00000000 0 00000000 0 00000000 0 00010100 0 10000000 0 01110001 0 00000000 0 00100000 0 00000000 0 00000000 0 00000011 0 11100001 0 00000000 0 10000000 0 00000000 0 00000000 0 01101101 0 01111100 0 00000001 0 00000000
1 11111111 0 00000000 0 00001010 0 11101010 0 10010110 0 01010001 0 00000000 0 00000000 0 00000000 0 00010100 0 10000000 0 01110001 0 00000000 0 00100000 0 00000000 0 00000000 0 00000011 0 11100001 0 00000000 0 10000000 0 00000000 0 00000000 0 01101101 0 01111100 0 00000001 0 00000000
1 11111111 0 00000000 0 00001010 0 11101010 0 10010110 0 01010001 0 00000000 0 00000000 0 00000000 0 00010100 0 10000000 0 01110001 0 00000000 0 00100000 0 00000000 0 00000000 0 00000011 0 11100001 0 00000000 0 10000000 0 00000000 0 00000000 0 01101101 0 01111100 0 00000001 0 00000000
1 11111111 0 00000000 0 00001010 0 11101010 0 10010110 0 01010001 0 00000000 0 00000000 0 00000000 0 00010100 0 10000000 0 01110001 0 00000000 0 00100000 0 00000000 0 00000000 0 00000011 0 11100001 0 00000000 0 10000000 0 00000000 0 00000000 0 01101101 0 01111100 0 00000001 0 00000000
1 11111111 0 00000000 0 00001010 0 11101010 0 10010110 0 01010001 0 00000000 0 00000000 0 00000000 0 00010100 0 10000000 0 01110001 0 00000000 0 00100000 0 00000000 0 00000000 0 00000011 0 11100001 0 00000000 0 10000000 0 00000000 0 00000000 0 01101101 0 01111100 0 00000001 0 00000000
1 11111111 0 00000000 0 00001010 0 11101010 0 10010110 0 01010001 0 00000000 0 00000000 0 00000000 0 00010100 0 10000000 0 01110001 0 00000000 0 00100000 0 00000000 0 00000000 0 00000011 0 11100001 0 00000000 0 10000000 0 00000000 0 00000000 0 01101101 0 01111101 0 00000001 0 00000000
1 11111111 0 00000000 0 00001010 0 11101010 0 10010110 0 01010001 0 00000000 0 00000000 0 00000000 0 00010100 0 10000000 0 01110001 0 00000000 0 00100000 0 00000000 0 00000000 0 00000011 0 11100001 0 00000000 0 10000000 0 00000000 0 00000000 0 01101101 0 01111101 0 00000001 0 00000000
1 11111111 0 00000000 0 00001010 0 11101010 0 10010110 0 01010001 0 00000000 0 00000000 0 00000000 0 00010100 0 10000000 0 01110001 0 00000000 0 00100000 0 00000000 0 00000000 0 00000011 0 11100001 0 00000000 0 10000000 0 00000000 0 00000000 0 01101101 0 01111010 0 00000001 0 00000000
1 11111111 0 00000000 0 00001010 0 11101010 0 10010110 0 01010001 0 00000000 0 00000000 0 00000000 0 00010100 0 10000000 0 01110001 0 00000000 0 00100000 0 00000000 0 00000000 0 11111110 0 11110011 0 00000000 0 10000000 0 00000000 0 00000000 0 01101101 0 00000000 0 00000001 0 00000000
1 11111111 0 00000000 0 00001010 0 11101010 0 10010110 0 01010001 0 00000000 0 00000000 0 00000000 0 00010100 0 10000000 0 01110001 0 00000000 0 00100000 0 00000000 0 00000000 0 11111110 0 11110011 0 00000000 0 10000000 0 00000000 0 00000000 0 01101110 0 00000000 0 00000001 0 00000000
1 11111111 0 00000010 0 00001010 0 11101010 0 10010110 0 01010001 0 00000000 0 00000000 0 00000000 0 00010100 0 10000000 0 01110001 0 00000000 0 00100000 0 00000000 0 00000000 0 11111110 0 11110011 0 00000000 0 10000000 0 00000000 0 00000000 0 01101110 0 00000000 0 00000001 0 00000000
1 11111111 0 00000010 0 00001010 0 11101010 0 10010110 0 01010001 0 00000000 0 00000000 0 00000000 0 01 # PARTIAL TAIL DATA FROM THE POWERED OFF ECM - SKIP IT
