##
# COMMON FRAMES WITH DATA
##

### Frame 01 ###
00000000 00001010 11101010 10010110 01010001 00000000 00000000 00000000 00010100 10000000 01110001 00000000 00100000 00000000 00000000 00000011 11100001 00000000 10000000 00000000 00000000 01101100 01111100 00000001 00000000

### Frame 02 ###
00000000 00001010 11101010 10010110 01010001 00000000 00000000 00000000 00010100 10000000 01110001 00000000 00100000 00000000 00000000 00000011 11100001 00000000 10000000 00000000 00000000 01101101 01111101 00000001 00000000

### Frame 03 ###
00000000 00001010 11101010 10010110 01010001 00000000 00000000 00000000 00010100 10000000 01110001 00000000 00100000 00000000 00000000 00000011 11100001 00000000 10000000 00000000 00000000 01101101 01111100 00000001 00000000

### Frame 04 ###
00000000 00001010 11101010 10010110 01010001 00000000 00000000 00000000 00010100 10000000 01110001 00000000 00100000 00000000 00000000 00000011 11100001 00000000 10000000 00000000 00000000 01101101 01111101 00000001 00000000

### Frame 05 ###
00000000 00001010 11101010 10010110 01010001 00000000 00000000 00000000 00010100 10000000 01110001 00000000 00100000 00000000 00000000 00000011 11100001 00000000 10000000 00000000 00000000 01101101 01111101 00000001 00000000

### Frame 06 ###
00000000 00001010 11101010 10010110 01010001 00000000 00000000 00000000 00010100 10000000 01110001 00000000 00100000 00000000 00000000 00000011 11100001 00000000 10000000 00000000 00000000 01101101 01111100 00000001 00000000

### Frame 07 ###
00000000 00001010 11101010 10010110 01010001 00000000 00000000 00000000 00010100 10000000 01110001 00000000 00100000 00000000 00000000 00000011 11100001 00000000 10000000 00000000 00000000 01101101 01111100 00000001 00000000

### Frame 08 ###
00000000 00001010 11101010 10010110 01010001 00000000 00000000 00000000 00010100 10000000 01110001 00000000 00100000 00000000 00000000 00000011 11100001 00000000 10000000 00000000 00000000 01101101 01111100 00000001 00000000

### Frame 09 ###
00000000 00001010 11101010 10010110 01010001 00000000 00000000 00000000 00010100 10000000 01110001 00000000 00100000 00000000 00000000 00000011 11100001 00000000 10000000 00000000 00000000 01101101 01111100 00000001 00000000

### Frame 10 ###
00000000 00001010 11101010 10010110 01010001 00000000 00000000 00000000 00010100 10000000 01110001 00000000 00100000 00000000 00000000 00000011 11100001 00000000 10000000 00000000 00000000 01101101 01111100 00000001 00000000

### Frame 11 ###
00000000 00001010 11101010 10010110 01010001 00000000 00000000 00000000 00010100 10000000 01110001 00000000 00100000 00000000 00000000 00000011 11100001 00000000 10000000 00000000 00000000 01101101 01111100 00000001 00000000

### Frame 12 ###
00000000 00001010 11101010 10010110 01010001 00000000 00000000 00000000 00010100 10000000 01110001 00000000 00100000 00000000 00000000 00000011 11100001 00000000 10000000 00000000 00000000 01101101 01111101 00000001 00000000

### Frame 13 ###
00000000 00001010 11101010 10010110 01010001 00000000 00000000 00000000 00010100 10000000 01110001 00000000 00100000 00000000 00000000 00000011 11100001 00000000 10000000 00000000 00000000 01101101 01111101 00000001 00000000

### Frame 14 ###
00000000 00001010 11101010 10010110 01010001 00000000 00000000 00000000 00010100 10000000 01110001 00000000 00100000 00000000 00000000 00000011 11100001 00000000 10000000 00000000 00000000 01101101 01111010 00000001 00000000

##
# CAR IS POWERED OFF - SO WE HAVE SOME CHANGES
##

### Frame 15 ###
00000000 00001010 11101010 10010110 01010001 00000000 00000000 00000000 00010100 10000000 01110001 00000000 00100000 00000000 00000000 11111110 11110011 00000000 10000000 00000000 00000000 01101101 00000000 00000001 00000000

### Frame 16 ###
00000000 00001010 11101010 10010110 01010001 00000000 00000000 00000000 00010100 10000000 01110001 00000000 00100000 00000000 00000000 11111110 11110011 00000000 10000000 00000000 00000000 01101110 00000000 00000001 00000000

### Frame 17 ###
00000010 00001010 11101010 10010110 01010001 00000000 00000000 00000000 00010100 10000000 01110001 00000000 00100000 00000000 00000000 11111110 11110011 00000000 10000000 00000000 00000000 01101110 00000000 00000001 00000000
